M: 10
K: 6
S: 84486
Ω%: 1
βi: 2810 3441 3205 3443 2968 3127 3258 3334 2933 2826 
τij: 
2 1 2 3 2 2 
1 1 2 2 2 3 
2 3 3 2 1 2 
2 1 1 2 2 1 
1 1 2 2 2 3 
3 3 2 2 3 2 
2 2 2 3 2 3 
2 2 1 2 3 2 
3 2 2 2 1 1 
1 2 2 3 2 3 
Cij: 
1386 1052 1092 1283 912 1216 
1276 1282 1327 962 1107 934 
903 1038 1070 1189 1111 1281 
1366 1041 1322 1162 1013 1224 
1158 1090 1314 942 1043 1374 
1320 1075 1105 932 1189 1235 
908 1066 1252 1334 1000 1011 
1238 1021 1236 1370 978 904 
1050 1259 1322 1080 942 1333 
1152 921 1339 935 1064 1293 
Pij: 
2703 3249 998 1331 709 2869 
2242 2038 2026 2077 1524 2557 
1243 2016 2761 2890 2691 342 
609 2292 3364 2296 3140 493 
2870 2212 1769 2050 1840 1116 
2204 3492 1328 2506 2615 3080 
869 1711 557 3125 2752 890 
688 3383 2629 3242 3435 3251 
2170 1333 3223 1352 3077 2122 
1162 1579 947 1070 2895 3137 
